-62205.9 -18790.2
52171.4 77361.4
62529.4 -99890.1
-17819.8 -70873.1
75920.9 71379.7
81322.7 51084.9
77306.4 89288
-10080.3 -47203
-53740 -9787.29
73528.2 13516.6
17410.8 53184.6
-53642.4 -63243.5
41612 -58635.2
-28269.3 74095.9
-60338.1 65886.4
95666.4 -50743.1
-45115.5 -46879.5
69975.9 13968.3
-89233.1 96807.8
21012 -33426.9
-20096.4 76067.4
20426 64903.7
70598.5 20847.2
14084.3 -35575.4
37174.6 5716.12
-34568.3 -86834.3
20474.9 53563
-30381.2 34379.1
-75353.3 -69798.9
-5484.18 -71532.3
-63536.5 11319.3
4947.05 -74761.2
93554.5 2908.41
-73577.1 17832
7632.68 -3555.41
4501.48 9488.2
-50871.3 40134.9
16165.7 -95477.2
-662.252 -92632.8
89367.4 74657.4
76433.6 43748.3
-12973.4 31955.9
-58476.5 -26187.9
11789.3 -60264.9
-8896.15 -51146
-12375.3 92571.8
-58012.6 -83080.5
74755.1 96630.8
15164.6 -3567.61
73918.9 -18222.6
-75347.1 -65569
-23545 -23526.7
77776.4 -68993.2
16238.9 -23154.4
92889.2 -89178.1
-20127 41142
41050.4 23294.8
31333.4 -59184.5
-82281 52464.4
7284.77 99566.6
-49205 -82128.4
39396.3 -48606.8
51200.9 -52220.2
59807.1 49198.9
12344.7 -94189.3
46098.2 -45133.8
-35380.1 52433.9
-38090.2 42387.2
91283.9 22373.1
49601.7 45005.6
-88177.1 -582.904
30973.2 77806.9
-60734.9 -30393.4
72612.7 -33036.3
17465.7 -65721.6
71788.7 16843.2
-55211 64073.6
-80602.4 46220.3
90331.7 75231.2
96105.8 24997.7
8975.49 9433.27
57853.9 -57567.1
-38438.1 98327.6
-32822.7 38334.3
-53660.7 94164.9
26456.5 28373.1
-52000.5 -52385
-30723 54820.4
10593 14182
-33622.2 -6155.58
40427.9 70293.3
-97796.6 50792
-54600.7 -79503.8
78478.3 74553.7
16837.1 76860.9
-99121.1 -77678.8
-39817.5 91894.3
5325.48 -93963.4
80767.2 26279.5
-20194.1 51658.7
