-62205.9 -18790.2
52171.4 77361.4
62529.4 -99890.1
-17819.8 -70873.1
75920.9 71379.7
81322.7 51084.9
77306.4 89288
-10080.3 -47203
-53740 -9787.29
73528.2 13516.6
17410.8 53184.6
-53642.4 -63243.5
41612 -58635.2
-28269.3 74095.9
-60338.1 65886.4
95666.4 -50743.1
-45115.5 -46879.5
69975.9 13968.3
-89233.1 96807.8
21012 -33426.9
-20096.4 76067.4
20426 64903.7
70598.5 20847.2
14084.3 -35575.4
37174.6 5716.12
-34568.3 -86834.3
20474.9 53563
-30381.2 34379.1
-75353.3 -69798.9
-5484.18 -71532.3
-63536.5 11319.3
4947.05 -74761.2
93554.5 2908.41
-73577.1 17832
7632.68 -3555.41
4501.48 9488.2
-50871.3 40134.9
16165.7 -95477.2
-662.252 -92632.8
89367.4 74657.4
76433.6 43748.3
-12973.4 31955.9
-58476.5 -26187.9
11789.3 -60264.9
-8896.15 -51146
-12375.3 92571.8
-58012.6 -83080.5
74755.1 96630.8
15164.6 -3567.61
73918.9 -18222.6
-75347.1 -65569
-23545 -23526.7
77776.4 -68993.2
16238.9 -23154.4
92889.2 -89178.1
-20127 41142
41050.4 23294.8
31333.4 -59184.5
-82281 52464.4
7284.77 99566.6
-49205 -82128.4
39396.3 -48606.8
51200.9 -52220.2
59807.1 49198.9
12344.7 -94189.3
46098.2 -45133.8
-35380.1 52433.9
-38090.2 42387.2
91283.9 22373.1
49601.7 45005.6
-88177.1 -582.904
30973.2 77806.9
-60734.9 -30393.4
72612.7 -33036.3
17465.7 -65721.6
71788.7 16843.2
-55211 64073.6
-80602.4 46220.3
90331.7 75231.2
96105.8 24997.7
8975.49 9433.27
57853.9 -57567.1
-38438.1 98327.6
-32822.7 38334.3
-53660.7 94164.9
26456.5 28373.1
-52000.5 -52385
-30723 54820.4
10593 14182
-33622.2 -6155.58
40427.9 70293.3
-97796.6 50792
-54600.7 -79503.8
78478.3 74553.7
16837.1 76860.9
-99121.1 -77678.8
-39817.5 91894.3
5325.48 -93963.4
80767.2 26279.5
-20194.1 51658.7
30887.8 32560.2
-61742 2597.13
24521.6 -63872.2
-97357.1 98590
-74224.1 -5246.13
49406.4 61143.8
-82500.7 -82226
-23270.4 16892
-43815.4 -73534.3
48698.4 90142.5
-80553.6 -63499.9
-27384.3 95715.2
52348.4 44077.9
65916.9 -36484.9
18753.6 -3317.36
-31412.7 25968.2
-35880.6 29990.5
57725.8 -442.518
95727.4 -48069.7
-79815.1 -8212.53
-13180.9 55320.9
-60289.3 -35190.9
-89147.6 -59740
-45219.3 -13119.9
11972.4 27530.7
43394.3 -97003.1
18137.2 44254.9
-8944.98 -44053.5
-96917.6 63090.9
98260.4 -11069.1
3323.47 -23813.6
83574.9 -38877.5
-3530.99 -14859.5
-61198.8 7382.43
47203 -11783.2
92272.7 -26670.1
-73021.6 46128.7
-63438.8 57048.2
13895.1 7516.71
77031.8 88726.5
-21189 75499.7
-42857.1 79393.9
64122.4 -3549.3
17185 -29917.3
-38712.7 52317.9
42246.8 12601.1
-6503.49 -62303.5
56059.5 -86785.5
9628.59 -97064.1
16690.6 -29532.8
95806.8 44462.4
70494.7 -61619.9
-89251.4 -76329.8
20481 46299.6
-48728.9 -4428.24
-34604.9 -93347
-45976.1 28428
-34214.3 -58171.3
-60136.7 -4324.47
93231 61406.3
-92931.9 21366
-80980.9 21109.7
79564.8 60368.7
-1400.8 -5386.52
-83465.1 94573.8
7852.41 -10556.4
-10373.2 -73625.9
87737.7 38352.6
-66112.2 -49308.8
53221.2 -2731.41
-21097.4 -13296.9
23056.7 81164
66173.3 -49382
-73607.6 -30936.6
59105.2 50767.5
42686.2 9451.58
51817.4 86108
30985.4 -42729
83056.1 -70415.4
4983.67 -26096.4
61388 -22537.9
-90014.3 -78807.9
8017.21 45921.2
-41911.1 80919.8
23398.5 96191.3
-22190 -69109.2
83953.4 69432.7
34434 -91039.8
75078.6 12637.7
-22702.7 -3891.11
-33207.2 -23184.9
70287.2 50010.7
-61851.9 68669.7
-38230.5 -79839.5
-43253.9 -62987.2
-49723.8 75957.5
19608.1 75304.4
2060 -21146.3
-38438.1 21311.1
76934.1 -70012.5
37528.6 35404.5
18521.7 24381.2
-15189.1 -61473.4
-34794.2 -56968.9
-28208.3 91283.9
-61919 14230.8
-60838.6 -4837.18
-37980.3 75133.5
-60057.4 97405.9
-23722 -34897.9
-15311.1 80547.5
90765.1 -18137.2
-2096.62 18021.2
44267.1 -68193.6
-7876.83 77013.5
20865.5 -94268.6
65776.5 -50175.5
80858.8 11166.7
-68858.9 95031.6
-37699.5 -7388.53
-21353.8 -30387.3
-90429.4 -29075
-16324.4 -66612.8
85125.3 33103.4
62340.2 6942.96
20645.8 -96337.8
-17850.3 -35667
64000.4 28983.4
34202.1 -58208
78063.3 -94311.3
-27219.5 43730
-52244.6 -15433.2
28898 -72801.9
-48405.4 -19040.5
-96136.4 46208.1
-46122.6 -76830.3
-50810.3 -63066.5
73851.7 -30033.3
39066.7 25339.5
-11923.6 -71538.4
-58305.6 -61845.8
-77739.8 -96331.7
95672.5 -1223.79
88781.4 10910.4
-2304.15 89062.2
26151.3 -17612.2
-92114 -41575.4
-3286.84 -845.363
78905.6 -38474.7
98754.8 -20297.9
15128 -94421.2
49375.9 56444
-31754.5 -11191.1
94250.3 71361.4
-24710.8 -88909.6
619.526 22013
45652.6 -61839.7
-10226.8 89202.6
3030.49 527.97
-34843 -22489.1
-11178.9 8493.3
92498.6 39.6741
-66966.8 64323.9
88097.8 38413.6
-967.437 -46952.7
71599.5 9585.86
-91656.2 -7065.03
-60545.7 -29599.9
-48130.7 27042.5
-84661.4 91363.3
-6418.04 36997.6
33744.3 30777.9
73082.7 -39677.1
13077.2 -59440.9
-86742.8 -7510.61
74431.6 34885.7
-60722.7 -44969
-37705.6 -46983.2
-84923.9 10879.8
-76488.5 47514.3
3787.35 -91747.8
-99359.1 29068.9
-41831.7 34287.5
96057 99279.8
47392.2 59685
-37040.3 2475.05
26401.6 55638.3
-20322.3 -71947.4
-45896.8 64262.8
63310.6 94335.8
-33347.6 3805.66
-20859.4 -54619
11996.8 89855.6
2005.07 -8035.52
52104.3 53807.2
-14163.6 27860.3
-61070.6 -60106.2
97662.3 -47160.3
70513 -38084
-27665 -66454.1
33359.8 1040.68
-55815.3 -66527.3
-62535.5 25846.1
-88091.7 -56614.9
50114.4 15848.3
92864.8 -56657.6
34733.1 69884.3
23093.4 -72393
1174.96 80394.9
59337.1 23770.9
73467.2 55070.7
-60832.5 37125.8
81457 66960.7
55668.8 51854
82525.1 -85656.3
2725.3 19943.8
-80407.1 71684.9
47355.6 -30637.5
-78240.3 12711
85186.3 -37431
-46281.3 87206.6
-64616.8 36655.8
-79717.4 32364.9
-68663.6 56425.7
-67760.2 -99670.4
63237.4 -88445.7
39750.4 82885.2
28873.6 -10770
-60387 14694.7
48924.2 -46702.5
-37376 36356.7
2896.21 -38560.1
-52836.7 -1602.22
-57963.8 -48600.7
-94500.6 87579
-64525.3 -72368.5
88811.9 56694.2
-94238.1 79601.4
-42655.7 -60844.8
10171.8 62920
61888.5 29599.9
23911.3 74724.6
-57194.7 11703.8
81566.8 54332.1
52916 14590.9
32963 40629.3
10464.8 78972.7
-30222.5 17270.4
-11618.4 14261.3
-20926.5 77098.9
-53849.9 -71971.8
80028.7 36881.6
-89495.5 8938.87
143.437 -66264.8
11197.2 44407.5
-52855 -65550.7
78063.3 54374.8
32822.7 88891.3
-94274.7 -77758.1
-94903.4 58854.9
-7895.14 4397.72
44535.7 53538.6
56956.7 -540.178
81542.4 -97088.5
-53196.8 58568.1
-9463.79 -99786.4
32438.1 17905.2
-82677.7 -55162.2
-94811.9 -65196.7
95922.7 16904.2
78368.5 8517.72
11050.8 -85375.5
99945.1 67094.9
62669.8 85955.4
-17130 -98529
88592.2 85461
-40812.4 28110.6
1669.36 87975.7
64256.7 -38645.6
97607.3 -9909.36
-42741.2 -23130
89758 -69243.4
84331.8 47294.5
27103.5 -37687.3
-9518.72 -68584.2
-48271.1 -96838.3
86651.2 98144.5
51945.6 -96697.9
77983.9 66441.8
-32596.8 -45957.8
-40183.7 42606.9
2401.81 73058.3
-12588.9 35966.1
-96374.4 -3860.59
-74230.2 -65575.1
-41349.5 -93212.7
-14200.3 -79015.5
71312.6 34989.5
-46958.8 -87469.1
-29654.8 56340.2
-84734.6 2139.35
7467.88 -77166.1
95068.2 -13827.9
-98876.9 56578.3
-6143.38 -42661.8
82244.3 -62456.1
-46580.4 45097.2
-1858.58 16824.9
-58714.6 84466.1
30930.5 -13528.9
66161.1 94708.1
-13400.7 -62773.5
29746.4 -51030
11038.5 35416.7
21060.8 -83794.7
89300.2 50206
59666.7 56596.6
-15720.1 -37498.1
93908.5 -48240.6
-28867.5 -13193.2
60515.2 -49021.9
23630.5 37089.1
11777.1 14664.1
8670.31 -31827.8
-83446.8 -63658.6
-54655.6 23673.2
41337.3 24460.6
84624.8 21897
-82348.1 25125.9
66014.6 -89196.4
2090.52 -32847.1
-92565.7 23447.4
35056.6 -89349
84557.6 64983.1
4702.9 80315.6
55778.7 -37406.5
-77868 -35209.2
89275.8 9567.55
-85772.3 63267.9
-51902.8 34769.7
40226.4 60606.7
89892.3 28696.6
-61552.8 -87780.4
-62852.9 -42490.9
-90649.1 20011
74565.9 -3842.28
-58891.6 -19534.9
-70500.8 -88134.4
84069.3 86431.5
-8066.04 29343.5
80236.2 63481.6
-69896.5 -91216.8
54173.4 22452.5
58128.6 -31888.8
-28629.4 -90881.1
-88207.6 -19473.9
70543.5 32487
-11172.8 78728.6
-24088.3 -47233.5
9848.32 -2938.93
95898.3 -89574.9
-43723.9 -17258.2
14340.6 77483.4
41477.7 -92498.6
80571.9 12289.8
71312.6 10910.4
-95458.8 -839.259
-49595.6 6497.39
-36698.5 53892.6
-9598.07 -17893
25058.7 76690
-23636.6 25614.2
-2981.66 -66515.1
47685.2 7223.73
-96618.5 -52885.5
-50358.6 49772.6
-393.689 -20560.3
-88024.5 -81945.2
-70751.1 -14218.6
-89397.9 58647.4
-70299.4 22867.5
-31168.6 -78746.9
-7095.55 -8505.51
54240.5 93078.4
-12527.8 95300.1
27549.1 77190.5
48374.9 96685.7
-326.548 46446.1
40397.4 -48649.6
-46781.8 3872.8
1767.02 -97454.8
-15286.7 81121.3
-25962.1 16348.8
23746.5 5874.81
-75438.7 39213.2
-14633.6 69835.5
-32169.6 -40989.4
11887 28202.2
-8145.39 -49101.2
-39603.9 62126.5
95873.9 89104.9
-7724.23 35245.8
-54332.1 -93932.9
20828.9 -24314.1
52684.1 -19931.6
73455 14633.6
83233.1 32584.6
-75524.2 -87170
4013.18 -83288.1
54918.1 6198.31
-29758.6 -22147.3
95507.7 -98138.4
-37412.6 -32139
9121.98 -44175.5
79180.3 -5984.68
-31064.8 63493.8
88940.1 83983.9
-11465.8 -5600.15
-47459.3 48057.5
60191.7 2255.32
-82873 19882.8
57658.6 -58305.6
91174 -42997.5
-40391.2 22885.8
-94415.1 82348.1
50065.6 35282.4
-32487 -51951.7
52000.5 -28232.7
-87151.7 -97228.9
50419.6 84441.7
-36100.3 43742.2
-38853.1 -96710.1
-1638.84 34873.5
1528.98 49046.3
35831.8 72112.2
-80633 -28684.3
-51762.4 -22702.7
36344.5 43510.2
-99749.7 -98175
62035 -54484.7
-73912.8 21292.8
-64983.1 -34354.7
-51152.1 -97613.5
47087 -47160.3
48747.2 -76635
-93072.3 -49382
86321.6 29233.7
-418.104 43876.5
87078.5 2957.24
97717.2 49821.5
93646 -66063.4
-18765.8 -15714
91766.1 65044.1
21280.6 -65233.3
-83617.7 99340.8
-15073.1 71208.8
-55931.3 -52140.9
-83135.5 26047.5
77971.7 -296.03
54252.8 -25376.1
31644.6 95519.9
31052.6 47196.9
17954 85894.3
-71965.7 3848.38
49278.2 -44346.4
24802.4 3598.13
-44688.3 -4489.27
9891.05 -1162.76
-75304.4 2127.14
-94518.9 -13577.7
76726.6 -11948
62712.5 46672
69353.3 -17380.3
83929 1492.36
49845.9 5081.33
28238.8 22916.3
-45823.5 -8658.1
-43589.6 23227.6
61595.5 -44639.4
-28434.1 -41947.7
10403.8 -33335.4
11740.5 73522.1
-18558.3 25034.3
-49302.7 28873.6
55302.6 13785.2
63231.3 -74333.9
49675 12753.7
11063 -25107.6
42997.5 -47642.4
5795.46 33243.8
90691.9 89867.9
-94976.7 -60258.8
-59770.5 89208.7
97918.6 84051
51274.1 -14450.5
-63536.5 -62401.2
-72856.8 15909.3
-31266.2 -21024.2
63878.3 -3024.38
-69725.6 -55430.8
-76928 31510.4
-49974.1 35953.9
34897.9 24466.7
-73107.1 15103.6
37321.1 -9848.32
-66716.5 18808.6
-42020.9 31644.6
1852.47 23410.7
-55089 -26267.3
-48295.5 -8780.18
-47727.9 -69396
10287.8 29844.1
-12558.4 -10428.2
87249.4 -4403.82
25705.7 92053
56480.6 72338
-1229.9 93054
-97351 -43028
-36692.4 80462.1
88396.9 -17221.6
55882.4 -64708.4
-1510.67 11948
-59556.9 14249.1
17209.4 28446.3
-45384.1 -64214
95165.9 62578.2
61125.5 -49082.9
-38181.7 -21610.2
10477 80083.6
39976.2 -44743.2
21286.7 97216.7
18417.9 -5154.58
-15610.2 -57597.6
-60887.5 84679.7
97058 44267.1
-45017.9 -50346.4
-66496.8 -66661.6
14731.3 22678.3
58037 27774.9
30826.7 -34348.6
-13034.5 -27506.3
-13058.9 -27817.6
5618.46 13156.5
-58879.4 -16916.4
46696.4 -13876.8
-19125.9 46110.4
-63798.9 5679.49
86462 -48991.4
13180.9 29807.4
-41319 -28739.3
29545 -14346.8
-32676.2 43699.5
-63756.2 36106.4
76592.3 17246
61992.2 68559.8
-96313.4 -97936.9
90832.2 -12784.2
-33072.9 -49644.5
-55223.2 90209.7
79497.7 -99963.4
-22214.4 -87377.5
-54850.9 12527.8
-12692.6 16922.5
-87792.6 35990.5
49650.6 -88244.3
-58128.6 -74828.3
85448.8 -19345.7
-52647.5 49150.1
-38578.4 1644.95
-40098.3 -81835.4
34775.8 -60820.3
78045 -39030.1
-53660.7 -10422.1
56273.1 -16318.2
-31107.5 -38773.8
89477.2 41599.8
-83312.5 -29227.6
49266 -44853.1
-77306.4 -63365.6
-71471.3 1211.58
89556.6 50999.5
-49540.7 11117.9
-79345.1 -88464
98248.2 6472.98
-62401.2 94262.5
-78258.6 4202.4
-9897.15 48484.8
-22641.7 -78081.6
64879.3 95452.7
-42643.5 14975.4
99493.4 11612.3
64873.2 -23624.4
7596.06 -22006.9
90917.7 -69145.8
21713.9 -23197.1
-50462.4 54338.2
-40122.7 16525.8
-72545.5 50029
-77660.5 66838.6
4409.92 12411.9
24588.8 84514.9
-99560.5 -89635.9
72954.5 11557.4
6393.63 20700.7
-10934.8 -73058.3
53831.6 -56694.2
89367.4 33018
80736.7 -70787.7
25937.7 57976
-50938.4 -47215.2
94952.2 -44383.1
-29416.8 59282.2
-81109 83581
97131.3 19113.7
8908.35 -58677.9
31534.8 19937.7
13461.7 49205
-84417.2 27909.2
-40458.4 49742.1
-48887.6 -50651.6
92785.4 12436.3
10586.9 24002.8
22537.9 23337.5
-6649.98 -18771.9
-21585.7 40647.6
-16092.4 -9677.42
84264.7 97564.6
-31705.7 -63792.8
56096.1 33658.9
-35001.7 51811.3
30015 36021
-73461.1 38273.3
-73479.4 -28605
67998.3 -95654.2
57347.3 -9384.44
-21231.7 56163.2
-18851.3 -13461.7
-26242.9 68633.1
-85699 -13272.5
40281.4 69768.4
-97045.8 62187.6
36906 -30900
62736.9 33335.4
-99487.3 61540.6
92230 -45500
-82171.1 37827.7
-33433 58201.8
17593.9 -67094.9
17343.7 -59611.8
-60246.6 43443.1
-94927.8 68028.8
37839.9 -54326
90551.5 -9872.74
-29252 45017.9
-88818 -66417.4
40318 -11569.6
68761.3 -34971.2
30759.6 -28995.6
34720.9 -94.6074
-93633.8 67937.3
-20700.7 40116.6
23642.7 23105.6
-69280.1 -78600.4
14127 25565.4
-29264.2 -48252.8
-5801.57 -94811.9
-27286.6 -77947.3
58067.6 78685.9
88610.5 70317.7
-89800.7 77239.3
90972.6 80565.8
-6485.18 -12924.6
-23746.5 97857.6
-30570.4 34171.6
-64189.6 40482.8
-93792.5 44315.9
-99438.5 -9274.58
31705.7 9836.12
-34110.5 -54619
6808.68 94225.9
-97241.1 -92724.4
-24100.5 -94134.3
61473.4 -955.229
-49577.3 -27768.8
74205.8 -19522.7
-17996.8 45603.8
62688.1 50566.1
81170.1 -28196.1
-42857.1 -84405
-61882.4 -47019.9
32853.2 4525.89
1651.05 -64153
70525.2 12839.1
-27469.7 -43522.4
46739.1 56187.6
67571 -26889.9
-39256 15030.4
-89312.4 17978.5
-96179.1 -48417.6
7162.69 -399.792
-22537.9 -19772.9
57298.5 -13309.1
-33372 72734.8
65825.4 -95031.6
-25644.7 -20566.4
-96716.2 78081.6
-76055.2 -52238.5
75560.8 -56059.5
-65080.7 19199.2
-42112.5 -22275.5
79155.9 -13925.6
49571.2 -47294.5
-76763.2 -10690.6
-94348 -29722
-36509.3 38505.2
-98236 -9665.21
-40244.8 35447.2
88476.2 93334.8
74321.7 -17532.9
91283.9 5178.99
22092.3 -43199
-87377.5 -83666.5
-61571.1 -67864
-7962.28 -73735.8
-29227.6 28794.2
-19205.3 -55479.6
-99688.7 73577.1
-12747.6 -20261.2
64.0889 50688.2
-50889.6 47782.8
35441.1 -75109.1
88964.5 30234.7
13724.2 18234.8
-90820 -85418.3
-11453.6 21433.1
82598.3 -52720.7
-74224.1 21378.2
95104.8 -69103.1
-63097 25882.7
-3543.2 -3256.32
86321.6 -33127.8
-84478.3 84069.3
78624.8 63469.3
96276.7 57194.7
32285.5 -74053.2
-89342.9 91747.8
45902.9 82103.9
4751.73 61326.9
-36771.8 -93029.6
34312 -44218.3
43345.4 37516.4
-53941.5 62382.9
-57896.7 53105.3
60924.1 -58861
-88787.5 -96557.5
-84588.2 -74474.3
21066.9 64934.2
-82415.2 -20194.1
-86272.8 -93224.9
-26432.1 44285.4
92217.8 48173.5
-58891.6 99682.6
52336.2 -12302
66356.4 81914.7
63408.3 -13718.1
60002.4 78490.6
-96008.2 84868.9
-30771.8 -62169.3
-40977.2 38145.1
-98474.1 -77294.2
-15543.1 45542.8
-43217.3 -60954.6
-54234.4 60710.5
23758.7 -28562.3
36552 -39225.4
-2694.78 56498.9
83416.2 -43351.5
72557.8 25345.6
43467.5 -74462.1
72264.8 -53477.6
625.629 47026
63652.5 -99469
-32975.2 23892.9
20889.9 17246
95715.2 68944.4
-10361 7480.09
10971.4 -60863.1
-90325.6 -80047
62419.5 -1803.64
-47953.7 -45091.1
9244.06 -11008
-73094.9 65562.9
-59294.4 96942
18320.3 -21250
-60734.9 -14304
2218.7 -34037.3
92529.1 -13675.3
3897.21 -4013.18
-39774.8 -78765.2
-48899.8 460.829
-97381.5 -55821.4
-20798.4 83587.1
-23642.7 77452.9
-55558.9 7181.01
4281.75 27652.8
-98278.8 -17575.6
-74785.6 -38804.3
-96948.1 99462.9
30149.2 20853.3
-27018 26163.5
-9042.63 64525.3
17209.4 -92736.6
87975.7 7553.33
-79369.5 95165.9
-57365.6 49809.3
-8835.11 43595.7
-38572.3 -31217.4
5429.24 -4580.83
-2536.09 -40067.8
12704.9 -4116.95
35850.1 5551.32
-46696.4 62419.5
9121.98 53422.7
47666.9 42411.6
-50944.5 -13553.3
12381.4 -9921.57
-18997.8 64598.5
59459.2 -6283.76
-32895.9 20322.3
-65001.4 84649.2
-95477.2 88757
-46385.1 -41013.8
85082.6 -46061.6
84771.3 -56389
-77617.7 92309.3
47318.9 -62523.3
52879.4 94659.3
68565.9 -40409.6
16879.8 47935.4
63914.9 34904
-74004.3 -41978.2
93591.1 49266
23136.1 94756.9
52464.4 -95135.3
-58720.7 40501.1
49400.3 7254.25
-32572.4 -76531.3
32267.2 15256.2
-82244.3 17081.2
-85076.4 85052
-69536.4 -13473.9
-37601.9 -60374.8
-17630.5 -36057.6
90514.8 -5099.64
35636.5 -66734.8
36228.5 73662.5
20780.1 6143.38
54936.4 -61265.9
-37687.3 70091.9
-99047.8 -23496.2
53148 -9787.29
-52537.6 62059.4
-15860.5 45616
2163.76 -62755.2
-65086.8 -18118.8
74865 -67137.7
-67699.2 -39188.8
53306.7 -33744.3
-17423 -11325.4
-56584.4 45530.6
83806.9 -95806.8
30277.4 11655
-75524.2 -92394.8
16007 -50260.9
-25235.8 -88061.2
90929.9 668.355
-23429.1 97833.2
-5905.33 4379.41
-61320.8 -46922.2
19595.9 -93945.1
43229.5 -21726.1
24771.9 -43559.1
-30265.2 -60374.8
-3353.98 37528.6
42997.5 50334.2
32804.3 -55064.5
-88958.4 -38261.1
92986.8 -41874.4
-40604.9 -54521.3
-22373.1 -70201.7
-32047.5 -52110.4
89611.5 25650.8
16678.4 97967.5
35428.9 -54210
-53654.6 -49980.2
22122.9 -40946.7
-19357.9 42448.2
-93884.1 -18582.7
15866.6 53679
50285.3 29856.3
