43150.1 -28916.3
-1144.44 86156.8
-3695.79 -1937.93
-48893.7 52085.9
63670.8 906.4
26639.6 76836.5
-75182.3 -57115.4
29465.6 -33170.6
5099.64 -85882.1
90893.3 23191
16122.9 34916.2
-15524.8 21781.1
40501.1 -73320.7
-61717.6 -98431.3
91924.8 -43327.1
-74388.9 17368.1
-18155.5 -37144.1
-84472.2 -86730.6
24155.4 65019.7
64360.5 73107.1
8883.94 68535.4
-70482.5 4019.29
-23618.3 66917.9
86809.9 -90411.1
23087.3 -50523.4
32480.8 -91448.7
70201.7 20261.2
-48655.7 55571.2
26517.5 34623.2
32126.8 -79876.1
76628.9 59605.7
-88683.7 -20065.9
-74236.3 64366.6
-73174.2 -14975.4
-67455.1 46983.2
-37351.6 -51225.3
-39152.2 3817.87
-34238.7 -77849.7
82091.7 -52324
-83446.8 7406.84
-40891.8 81115.1
-65947.4 -32505.3
43028 -69011.5
97137.4 87395.9
14120.9 -49321
62974.9 43699.5
-1791.44 -3958.25
64073.6 38596.8
-10397.7 -18485.1
-34971.2 -45408.5
11960.2 -77471.2
-39713.7 -13821.8
48320 70482.5
-5801.57 -95300.1
71471.3 -53459.3
84575.9 12668.2
5996.89 -19437.2
31016 -56205.9
-46794 -38700.5
89263.6 -35038.3
-89794.6 4190.19
92773.2 -63591.4
-85662.4 42985.3
2884 -13626.5
44303.7 -48533.6
-31339.5 56395.2
9121.98 -98535.1
77825.3 -26352.7
-43699.5 63487.7
79918.8 6418.04
30320.1 56132.7
62981 -40977.2
-87194.4 50614.9
-34995.6 -37485.9
75597.4 -63371.7
-98596.1 17227.7
-22098.5 55754.3
-10251.2 43626.2
-61076.7 -91314.4
52989.3 97534.1
-82940.2 -57377.8
82494.6 -93896.3
-72985 24863.4
42069.8 -19241.9
-73943.3 -90936
94268.6 63280.1
-99316.4 -99676.5
30149.2 -38639.5
-15121.9 25296.8
-16068 -70055.2
-58708.5 -86333.8
13510.5 54393.1
36600.8 97216.7
28360.9 -8059.94
42143 -67345.2
45878.5 -72417.4
-8670.31 54649.5
57548.8 -99359.1
24863.4 -34977.3
86077.5 -41654.7
-44901.9 64684
-85186.3 92523
80852.7 -65746
70702.2 15823.8
83770.3 -30106.5
-58061.5 -66362.5
-62340.2 -19644.8
11752.7 -32084.1
61925.1 51670.9
89318.5 -10770
50395.2 85644.1
-80700.1 -86700
6802.58 -81548.5
51109.3 18192.1
18143.3 25528.7
-50846.9 -61516.2
-2816.86 -80944.2
25425 92638.9
25363.9 44297.6
-24497.2 -192.267
27311 80944.2
99438.5 42399.4
-91711.2 55876.3
-11441.4 -69499.8
-14230.8 -26541.9
59587.4 24607.1
46360.7 -30356.8
-82744.8 -27292.7
59428.7 96185.2
26700.6 18173.8
78594.3 -58824.4
76867 34507.3
-37675.1 -7834.1
-83843.5 43357.6
45005.6 -51933.3
41666.9 71953.5
-10428.2 86217.8
-76934.1 -93737.6
-46958.8 90673.5
-57384 -3897.21
96270.6 48185.7
32383.2 68419.4
-31052.6 17911.3
-10019.2 -94940
1406.9 81261.6
-45909 41258
34177.7 78051.1
21005.9 40989.4
-83227 -64775.5
83379.6 -94335.8
-93176.1 -5539.11
72576.1 72148.8
-99133.3 44755.4
85735.6 -43461.4
28025.1 66441.8
-21146.3 99932.9
37797.2 -7309.18
-92840.4 72289.2
13321.3 94952.2
-6033.51 -9115.88
41178.6 98339.8
9317.3 9366.13
-30863.4 33439.1
39634.4 33768.7
83050 -69298.4
29654.8 21805.5
34116.6 -36411.6
-22165.6 -78460
47788.9 -53160.2
66582.2 5777.15
-54423.7 -3897.21
-91546.4 58433.8
11001.9 55076.8
-10354.9 -30930.5
30906.1 96520.9
91973.6 -8053.83
-56560 -96685.7
-25351.7 25675.2
23941.8 35929.4
97070.2 -30082.1
39909.1 92333.8
63829.5 -84740.7
-93591.1 66838.6
-26682.3 22525.7
73143.7 -85992
-48979.2 47770.6
-25681.3 -76134.5
48851 -30686.4
-27237.8 14682.5
-8212.53 72887.4
-70641.2 -50401.3
-47026 -48741.1
29154.3 -16635.6
38609 -25394.5
-4672.38 -54673.9
63847.8 87774.3
-77648.2 65068.5
-99011.2 90771.2
59508 -53172.4
-18851.3 58739
-23996.7 -961.333
30692.5 57567.1
39097.3 -74834.4
23722 11532.9
36216.3 -17893
31809.4 79088.7
72606.6 12466.8
-47776.7 -6906.34
-24503.3 -43113.5
-4031.5 -78161
-63737.9 52696.3
-83208.7 -93090.6
21659 25138.1
62486.6 34318.1
85442.7 77440.7
29697.6 -4928.74
-88305.3 -14029.4
3506.58 -8529.92
-78997.2 -93316.4
-36997.6 45298.6
70745 -808.741
34165.5 64287.2
80803.9 74614.7
-28782 -77031.8
15933.7 -26456.5
47764.5 -85699
-44010.7 80352.2
-61052.3 28165.5
-14682.5 80010.4
75890.4 13138.2
32505.3 -36198
53575.2 77678.8
-8206.43 -9921.57
-26395.5 -12973.4
57414.5 6369.21
-97131.3 12057.9
-98022.4 39036.2
-70427.6 86346
30369 -43217.3
-2304.15 27652.8
-59856 -85760.1
1266.52 -19846.2
19980.5 -18137.2
-80364.4 -66393
17105.6 68413.3
75048.1 75719.5
5240.03 -57713.6
93658.3 33939.6
84118.2 57902.8
51390.1 -36967.1
-58085.9 -6595.05
-14236.9 -65477.5
-88183.2 5984.68
55003.5 -15622.4
53972 -89013.3
-74346.1 75157.9
94097.7 -8865.63
70000.3 -71172.2
-50041.2 -57969.9
-45597.7 -13419
77025.7 -39695.4
39.6741 51793
-35563.2 -19473.9
97058 72508.9
12741.5 -32779.9
-46488.8 19541
-75634 68236.3
60356.5 -83355.2
38383.1 -64366.6
-46348.5 -21256.1
-59477.5 20481
-44657.7 -85247.4
-20029.3 -52366.7
73741.9 -49003.6
23911.3 -23062.8
45054.5 31656.8
81328.8 56926.2
-2786.34 -47648.5
-72862.9 77398
-82854.7 83263.6
-42020.9 27073
2877.9 37852.1
10873.7 62541.6
81585.1 -56370.7
-23941.8 -5172.89
-25003.8 71062.3
-64800 -241.096
-6753.75 76964.6
56224.3 58403.3
38511.3 18588.8
-23941.8 -66112.2
99652.1 -5337.69
-97467 -9274.58
19156.5 -30369
-33365.9 63017.7
-86449.8 37357.7
56413.5 77733.7
-71373.6 80510.9
63786.7 39274.3
-89379.6 81933
-24515.5 81670.6
74742.9 44181.6
-60594.5 -5429.24
52116.5 -26456.5
-62462.2 -70659.5
-3408.92 84771.3
-3115.94 91448.7
-67503.9 82689.9
-30594.8 -74572
24698.6 77123.3
12472.9 -1223.79
-47868.3 -12814.7
863.674 90740.7
66167.2 -8682.52
1705.98 92614.5
-85088.7 79259.6
43553 25492.1
14853.4 62218.1
-89190.3 -18070
50938.4 97528
-5117.95 97619.6
-13498.3 83965.6
-66887.4 -40574.4
64153 -15952
66948.5 -43980.2
-21073 29545
50431.8 -22708.8
5014.19 66380.8
40397.4 -31125.8
-42851 -4678.49
-509.659 -52000.5
-31864.4 -35441.1
-56621 -13101.6
-36460.5 70531.3
63341.2 -29923.4
14963.2 23160.5
-44560.1 31626.3
53025.9 -68157
87731.6 78899.5
-78582.1 68346.2
-63585.3 -91296.1
53196.8 -37101.4
-77440.7 -77556.7
-49443 89843.4
-19657 -53825.5
-50535.6 98822
88244.3 -37870.4
50218.2 48045.3
-5630.66 57738
95275.7 -4263.44
67143.8 -1480.15
75689 5978.58
-97332.7 -68962.7
47184.7 -74657.4
19962.2 22171.7
37357.7 -13614.3
75328.8 -59032
25071 -5575.73
-72856.8 -10635.7
-26615.2 -46287.4
-17734.3 -12076.2
-2719.2 89361.2
-44682.1 -77068.4
47337.3 -78832.4
72148.8 61101.1
-9237.95 -54307.7
48649.6 -61992.2
70848.7 -17252.1
76256.6 -73247.5
26249 -57371.7
-54722.7 -7193.21
51274.1 70268.9
-62566 -58482.6
78411.2 22592.9
18735.3 -35575.4
-35624.3 35380.1
-36002.7 -9347.82
60985.1 -64256.7
-55687.1 49613.9
-48063.6 56639.3
8590.96 -48674
36967.1 9512.62
-9488.2 90545.4
-55565.1 -28519.5
72148.8 80938.1
53752.3 43125.7
-64586.3 25626.4
-91277.8 -66692.1
-67247.5 -69670.7
3280.74 -72850.7
8108.77 65251.6
-79363.4 -6509.6
-393.689 -17862.5
-92779.3 -11978.5
55089 -7406.84
62688.1 8401.75
-8151.49 14023.3
27097.4 57554.9
-68340.1 -10617.4
-53294.5 71446.9
42545.9 -13010
-540.178 67510
-81646.2 -13303
61516.2 70098
27549.1 58623
-3958.25 -30912.2
-37681.2 -59276.1
-54460.3 -32065.8
-80596.3 -78582.1
-91094.7 -22513.5
-56254.8 33573.4
-15469.8 11667.2
-33701.6 66039
-39371.9 -58568.1
-32743.3 -979.644
34153.3 63158.1
95898.3 -30430
-60594.5 37699.5
78319.7 -26676.2
67699.2 56462.3
-55687.1 8871.73
59270 -9372.23
4654.07 70970.8
48710.6 -20139.2
-90020.4 98785.4
45188.8 16696.7
-77367.5 85491.5
28635.5 -17105.6
32578.5 55449.1
43260 94018.4
48716.7 -84789.6
69512 8389.54
96905.4 84594.3
-44138.9 -43131.8
55790.9 -85931
-8407.85 -50523.4
-38181.7 -5209.51
1797.54 15268.4
-85351.1 -32639.5
-53990.3 -68346.2
-85851.6 -64244.5
-98547.3 -558.489
-39634.4 92535.2
12448.5 -80217.9
47563.1 61619.9
86968.6 -70604.6
-16306 -35038.3
21781.1 50157.2
66502.9 -80785.5
-62645.3 9451.58
-52513.2 -31235.7
3738.52 87481.3
-84923.9 -38645.6
38731 47740.1
-71898.6 -27469.7
59563 6961.27
30985.4 -14877.8
69371.6 772.118
81792.7 30137
59642.3 -98706
24399.5 95141.5
-90051 42954.8
36124.8 6521.81
-33793.1 12723.2
-18100.5 -8157.6
-21335.5 -38889.7
-93597.2 -71544.5
-19040.5 90051
-4660.18 -15213.5
-8615.38 74034.9
-62950.5 60350.4
-82274.8 70677.8
-84197.5 -69078.6
-53178.5 76995.1
-31998.7 -95007.2
143.437 87633.9
-67528.3 97851.5
-63322.9 11288.8
-73839.5 -70616.8
84283 1614.43
-23465.7 -47874.4
-19193.1 -41227.5
-58238.5 15475.9
-93707.1 58012.6
-49876.4 72557.8
87365.3 61381.9
89788.5 35953.9
-44859.2 68932.2
-19815.7 -11569.6
-62028.9 65648.4
-43632.3 -44944.6
-29850.2 -79760.1
97412 -57152
-2133.24 -7730.34
30228.6 54319.9
63744 3592.03
-59886.5 -19010
51066.6 -69383.8
-80962.6 83373.5
69072.5 -26554.2
83190.4 -36619.2
-39500.1 -41734.1
-9152.5 -64293.3
-87347 29129.9
-8053.83 -95819
53215.1 -14468.8
40488.9 49491.9
12076.2 -78167.1
1095.61 34489
-69524.2 -75005.3
-19010 -66692.1
98596.1 86675.6
-81420.3 -9414.96
-97045.8 -13943.9
-40037.2 16959.1
64830.5 99694.8
54533.5 -72771.4
50889.6 94433.4
-98974.6 27250
37406.5 59917
75170.1 -44035.2
-90801.7 36698.5
70213.9 88757
74620.8 96374.4
81670.6 -91644
-22281.6 -70152.9
67357.4 -50383
89080.5 131.23
-85876 24314.1
56267 15781.1
42515.3 -67687
-4623.55 -18680.4
80431.5 -34672.1
4849.39 -19138.2
-62633.1 9451.58
82750.9 -48826.6
-89843.4 -47196.9
-71166.1 448.622
-48356.6 4532
12692.6 -70952.5
-66490.7 31308.9
-10947 -91583
34495.1 -82256.5
41685.2 -25522.6
85210.7 56840.7
37009.8 91699
918.607 -23252.1
68779.6 44163.3
-66618.9 10147.4
74993.1 -90209.7
73162 12442.4
-91699 -25949.9
-66502.9 34995.6
-58739 39329.2
47141.9 -40244.8
-12503.4 -13669.2
-92736.6 1425.21
20206.3 -56419.6
83825.2 83440.7
69164.1 -78521.1
-53483.7 -5929.75
-22531.8 66991.2
-74346.1 -71184.4
-662.252 -4696.8
-57847.8 -74596.4
-79863.9 -45292.5
-62053.3 -2407.91
79949.3 80938.1
-61986.1 74059.3
-18112.7 97143.5
-24698.6 -51377.9
66454.1 -84093.8
-90197.5 -51939.5
-66875.2 99444.6
73015.5 -76293.2
-9500.41 34159.4
-30997.7 73162
16165.7 -23923.5
-36545.9 -1657.16
7608.26 23062.8
-8249.15 -93926.8
5386.52 -29648.7
17514.6 -42466.5
69798.9 -94525
72771.4 72783.6
92358.2 98931.9
10983.6 -3427.23
23239.8 46751.3
4275.64 -68187.5
-3970.46 21359.9
-84032.7 -53202.9
-69054.2 -13217.6
-20139.2 62529.4
97882 34641.6
-82708.2 26389.4
20401.6 -2963.35
-76567.9 78374.6
2066.1 -7296.98
53910.9 -83849.6
56218.1 -37437.1
43095.2 -34800.3
-79430.5 -49009.7
85296.2 -39707.6
-62205.9 -10940.9
10049.7 -55473.5
83385.7 -64049.2
-17130 92217.8
-78008.4 -65135.7
-37461.5 61821.3
-26364.9 39591.7
46403.4 85271.8
70769.4 68041
-65288.2 99774.2
-12234.9 38999.6
45414.6 -71446.9
-76171.1 48338.3
-89452.8 16599
-79320.7 -59123.5
-14426.1 -72277
-3695.79 34281.4
-97228.9 -90704.1
75896.5 51078.8
-99884 -69292.3
-98614.5 -84820.1
56737 -98052.9
704.978 -30887.8
66264.8 78545.5
98022.4 68163.1
-20651.9 -41007.7
46336.3 -92272.7
46580.4 81139.6
63506 40195.9
92974.6 23502.3
-46910 -62608.7
-44566.2 18051.7
91192.4 -44871.4
14322.3 80468.2
60533.5 -44157.2
-49607.8 64281.1
-86877 45744.2
-41605.9 -54924.2
-57384 -17368.1
-51408.4 -58970.9
-52287.4 -89275.8
-32651.8 -23990.6
67851.8 -21372.1
-31815.5 91522
-27640.6 96777.2
-35575.4 -86297.2
84447.8 -9421.06
94738.6 -18283.6
21140.2 5557.42
32841 43638.4
-69493.7 20621.4
72600.5 -73815.1
-92559.6 -74187.4
-80278.9 84612.6
-30857.3 20810.6
-78624.8 38804.3
-28348.6 -9683.52
-35026.1 2041.69
-51353.5 12680.4
-22714.9 -91430.4
53764.5 57969.9
55229.3 -53770.6
-12344.7 -68266.9
-40434 418.104
91082.5 -79229.1
2706.99 -84356.2
-14719.1 -2987.76
61912.9 -19077.1
-59160.1 35917.2
-50846.9 -54796
56315.8 5581.84
68852.8 -30839
27890.9 -17233.8
-5258.34 19559.3
-8676.41 -47874.4
97167.9 -87572.9
17337.6 44920.2
51963.9 -88634.9
-58146.9 -26584.7
-37705.6 87078.5
-87804.8 -82775.4
-75444.8 -55406.4
-69432.7 17880.8
-30259.1 -75756.1
-23941.8 -62181.5
11392.6 82769.2
-13602.1 40122.7
-68523.2 -39329.2
80748.9 45152.1
35398.4 -57725.8
-95287.9 -79552.6
7364.12 -85534.2
78954.4 60026.9
-2554.4 -69353.3
32456.4 -90588.1
-28489 85900.4
1919.61 92626.7
-44724.9 -90179.1
78331.9 -2664.27
-96246.2 83159.9
82097.8 74541.5
27390.4 -15543.1
-52073.7 8841.21
-94000.1 73162
759.911 15799.4
21964.2 15170.8
3903.32 22385.3
43675 -42686.2
-39280.4 -13077.2
90752.9 56852.9
-48893.7 -85222.9
-87920.8 72319.7
-16068 25925.5
7998.9 -78063.3
-53221.2 30747.4
27872.6 15909.3
34189.9 -29660.9
74333.9 68688
-64323.9 -22574.5
45396.3 -2322.46
-35245.8 14297.9
45689.3 14462.7
10226.8 -56083.9
-1864.68 -85155.8
91021.5 -9488.2
87200.5 74022.6
-4293.95 -54185.6
-34897.9 -46983.2
-11832 -22678.3
-47892.7 22776
60387 -5282.75
-37748.3 -88006.2
-86162.9 30747.4
-14322.3 85113.1
-49333.2 -7199.32
58885.5 56553.8
55772.6 41471.6
-45909 47624.1
51280.3 -47709.6
-80962.6 92187.3
4458.75 -83074.4
98364.2 97430.3
70409.3 -59935.3
-32078 65947.4
50804.2 88287
13242 -14566.5
-50151.1 -52885.5
-16684.5 -7821.89
-91210.7 -57481.6
-48887.6 -85369.4
180.059 83129.4
-88061.2 3335.67
63133.6 -20603
-49076.8 -46635.3
60899.7 95989.9
-89074.4 25711.8
-58085.9 93566.7
-7937.86 -26389.4
85613.6 16330.5
14157.5 -19711.9
-85729.5 -18485.1
-26719 -85741.8
-47862.2 -72954.5
23728.1 -91540.3
-86968.6 73680.8
-83404 -30576.5
97735.5 57841.7
26310 22843.1
82384.7 -8584.86
-3793.45 -98327.6
-20828.9 4745.63
-65410.3 83056.1
50505.1 -70940.3
-7620.47 80358.3
-42039.2 74657.4
53654.6 96490.4
27256.1 -39036.2
-29636.5 44853.1
10470.9 -45127.7
72405.2 -55913
-73186.4 73497.7
-15677.4 -7119.97
63103.1 -92394.8
79961.5 -68852.8
-84673.6 -77904.6
6192.21 -6241.04
-47569.2 89550.5
7071.14 63090.9
-16403.7 -86681.7
79625.8 -73314.6
10361 -3653.07
92516.9 46226.4
-55314.8 11838.1
98883 -55949.6
74309.5 32206.2
-25492.1 13559.4
56627.1 72478.4
12735.4 59666.7
-77678.8 4361.1
7119.97 -24436.2
70036.9 97277.7
53392.1 62096
-66734.8 -57371.7
1657.16 -4055.91
-99194.3 17478
-9628.59 -47099.2
-28037.4 43949.7
-6906.34 92455.8
-72258.7 589.007
9451.58 -90051
99359.1 -58092
31467.6 62639.2
-84789.6 82409.1
16531.9 -24314.1
-92339.9 -98742.6
-1730.4 34647.7
-39194.9 -75969.7
-33439.1 70403.1
80523.1 -62523.3
47898.8 -57011.6
68016.6 93926.8
17453.5 -69481.5
-21829.9 61265.9
73998.2 -70653.4
-56138.8 74932.1
-91033.7 -28098.4
47587.5 48094.1
930.815 68315.7
21567.4 -3714.1
-33341.5 78106
57646.4 -67253.6
-99865.7 18216.5
-91808.8 90698
-69286.2 -86358.2
-40720.8 28836.9
-68431.7 -3134.25
57335.1 76311.5
9927.67 -37669
-29374.1 73339
-89928.9 82360.3
66728.7 63811.2
-39426.9 90502.6
87212.7 96118
96826.1 38853.1
936.918 -11606.2
-9683.52 35319.1
17050.7 14481
15707.9 67339.1
-60991.2 -33158.4
87115.1 18057.8
-59123.5 -47318.9
94726.4 81438.6
-52873.3 -20481
-26871.5 82372.5
97241.1 86468.1
-67564.9 -91833.2
76262.7 77434.6
83642.1 -42411.6
-7321.39 12595
-10684.5 13742.5
-15189.1 -85760.1
-29050.6 47001.6
36906 43394.3
-95806.8 -45677.1
-13693.7 3305.15
-66740.9 -58903.8
2908.41 26255.1
35654.8 -48167.4
-77977.8 99700.9
68620.9 55919.1
-87853.6 88201.5
28428 -5282.75
58647.4 -92742.7
-46189.8 -3732.41
-55278.2 -94616.5
4818.87 63737.9
10940.9 -89397.9
-51744.1 44047.4
-25522.6 97656.2
-18912.3 82738.7
89397.9 -67833.5
-77080.6 -28507.3
-70799.9 -51957.8
-91106.9 -5569.63
72887.4 14243
14230.8 -20499.3
-24234.7 47343.4
-58348.3 -38798.2
6320.38 25992.6
2969.45 -39127.8
-69707.3 63603.6
-74010.4 90850.6
23319.2 -4513.69
-81817.1 88622.7
93304.2 36686.3
-81884.2 87395.9
-6167.79 -33243.8
66106.1 -70787.7
-90148.6 -2218.7
-74767.3 26865.4
-3164.77 -18210.4
84032.7 80919.8
54741.1 -86065.2
71977.9 58055.4
17966.2 -12418
19241.9 -62987.2
-57390.1 -42393.3
-8236.95 28318.1
72185.4 68169.2
32932.5 -25876.6
63145.8 -98834.2
43253.9 34366.9
-48582.4 1651.05
-70934.2 -34519.5
-58806.1 36454.4
-48277.2 98004.1
-2761.93 -57768.5
-91668.4 -80816.1
-78038.9 19284.6
75487.5 -33036.3
98516.8 27243.9
-52977.1 -58476.5
-18869.6 39011.8
97296.1 40659.8
-85967.6 -90838.3
943.022 25229.7
-39964 -86980.8
-59270 20957.1
-79790.6 12686.5
34330.3 -37241.7
25821.7 -93707.1
-88354.1 87981.8
83721.4 -83282
73729.7 -15402.7
-43412.6 75939.2
64549.7 875.881
-40867.3 61418.5
86950.3 -77495.7
51573.2 -59331
-6009.09 -76390.9
11612.3 -19760.7
86925.9 97833.2
66252.6 75420.4
51023.9 -24271.4
-35471.7 56938.4
60637.2 -65227.2
-27433.1 30802.3
-15451.5 -91839.4
-27854.2 7638.78
-76976.8 98681.6
-55974 -22312.1
7754.75 -96026.5
17276.5 87829.2
95898.3 -40702.5
-34110.5 76708.3
89538.3 -95819
-66087.8 24411.8
-88195.4 -20908.2
70317.7 -27213.4
70867 58513.1
54912 72740.9
43003.6 26505.3
-3482.16 14706.9
6210.52 -98822
84637 -1370.28
-44700.5 14224.7
75914.8 -412
-70030.8 51701.4
-3390.61 -14590.9
-12997.8 62511.1
-57695.2 42466.5
47837.8 40623.2
-43821.5 65947.4
52806.2 -12576.7
67009.5 -29203.2
-46775.7 60356.5
68181.4 79662.5
-27304.9 -85845.5
-80993.1 43986.3
68688 40922.3
-50444 -45414.6
25876.6 15256.2
-49839.8 -2060
-87707.1 50743.1
-72936.2 -85619.7
-70348.2 -26029.2
5276.65 14578.7
-10940.9 22440.3
59910.9 10367.1
43351.5 -27518.5
-42655.7 16373.2
-92657.2 3585.92
-12625.5 -21457.6
-2780.24 5203.41
-32358.8 85888.2
-79741.8 -67503.9
1528.98 21659
