43150.1 -28916.3
-1144.44 86156.8
-3695.79 -1937.93
-48893.7 52085.9
63670.8 906.4
26639.6 76836.5
-75182.3 -57115.4
29465.6 -33170.6
5099.64 -85882.1
90893.3 23191
16122.9 34916.2
-15524.8 21781.1
40501.1 -73320.7
-61717.6 -98431.3
91924.8 -43327.1
-74388.9 17368.1
-18155.5 -37144.1
-84472.2 -86730.6
24155.4 65019.7
64360.5 73107.1
8883.94 68535.4
-70482.5 4019.29
-23618.3 66917.9
86809.9 -90411.1
23087.3 -50523.4
32480.8 -91448.7
70201.7 20261.2
-48655.7 55571.2
26517.5 34623.2
32126.8 -79876.1
76628.9 59605.7
-88683.7 -20065.9
-74236.3 64366.6
-73174.2 -14975.4
-67455.1 46983.2
-37351.6 -51225.3
-39152.2 3817.87
-34238.7 -77849.7
82091.7 -52324
-83446.8 7406.84
-40891.8 81115.1
-65947.4 -32505.3
43028 -69011.5
97137.4 87395.9
14120.9 -49321
62974.9 43699.5
-1791.44 -3958.25
64073.6 38596.8
-10397.7 -18485.1
-34971.2 -45408.5
11960.2 -77471.2
-39713.7 -13821.8
48320 70482.5
-5801.57 -95300.1
71471.3 -53459.3
84575.9 12668.2
5996.89 -19437.2
31016 -56205.9
-46794 -38700.5
89263.6 -35038.3
-89794.6 4190.19
92773.2 -63591.4
-85662.4 42985.3
2884 -13626.5
44303.7 -48533.6
-31339.5 56395.2
9121.98 -98535.1
77825.3 -26352.7
-43699.5 63487.7
79918.8 6418.04
30320.1 56132.7
62981 -40977.2
-87194.4 50614.9
-34995.6 -37485.9
75597.4 -63371.7
-98596.1 17227.7
-22098.5 55754.3
-10251.2 43626.2
-61076.7 -91314.4
52989.3 97534.1
-82940.2 -57377.8
82494.6 -93896.3
-72985 24863.4
42069.8 -19241.9
-73943.3 -90936
94268.6 63280.1
-99316.4 -99676.5
30149.2 -38639.5
-15121.9 25296.8
-16068 -70055.2
-58708.5 -86333.8
13510.5 54393.1
36600.8 97216.7
28360.9 -8059.94
42143 -67345.2
45878.5 -72417.4
-8670.31 54649.5
57548.8 -99359.1
24863.4 -34977.3
86077.5 -41654.7
